0
-10
46
2
0
-10
-10
10
38
-8
0
2
16
-6
-10
0
14
-10
0
18
14
-8
6
-10
-10
26
14
-26
-10
0
0
12
12
-10
-17
18
4
0
4
0
0
5
-10
20
-10
79
0
-10
-10
2
8
-8
-2
36
26
-10
0
26
16
0
-4
0
12
60
-8
4
50
26
2
4
0
10
-2
0
8
14
0
2
0
20
-2
12
8
0
8
0
21
-8
0
-10
28
0
28
4
0
-2
0
12
-10
0
0
8
8
0
0
0
0
24
-10
16
0
18
6
102
48
10
22
0
0
0
-10
52
0
6
-11
20
8
0
0
4
10
34
0
-10
0
38
0
0
0
30
-10
16
84
0
30
2
0
4
76
0
38
22
-10
0
-10
0
68
38
154
152
16
52
84
44
0
98
62
98
88
54
176
34
2
4
38
2
30
24
95
98
46
10
0
40
108
18
44
48
60
170
46
70
22
14
92
44
0
62
122
68
102
52
128
14
8
0
2
54
0
158
170
100
-2
6
122
230
0
104
272
120
26
138
76
0
232
110
56
82
68
188
118
0
98
90
246
40
0
0
108
178
122
80
8
70
48
240
42
78
0
87
214
0
54
88
120
272
272
166
66
32
0
48
0
216
192
96
146
0
220
26
172
280
62
80
132
146
40
90
265
300
114
0
52
154
86
32
276
152
28
0
154
202
298
0
126
0
210
302
302
58
64
230
154
312
136
128
0
265
220
162
0
0
252
156
156
50
194
251
130
116
76
0
212
112
242
122
74
0
152
172
152
330
318
126
140
0
122
170
180
122
110
126
228
178
248
146
288
222
178
170
42
0
254
78
332
64
246
228
200
94
84
0
326
40
260
272
230
160
4
325
170
286
330
134
236
306
60
306
298
310
58
144
348
58
280
136
96
152
324
317
136
280
322
156
72
150
154
148
118
274
356
82
176
372
268
168
388
266
264
196
130
202
48
178
12
312
124
108
98
337
294
34
200
0
132
32
108
214
278
178
210
60
212
116
308
112
198
108
243
160
178
316
148
284
290
326
252
130
376
84
190
152
366
124
207
266
92
140
288
128
218
331
300
320
234
343
324
320
314
280
114
264
154
160
306
220
236
209
224
40
154
266
142
296
176
282
288
116
202
235
286
298
280
130
364
280
188
342
214
160
172
156
350
336
310
316
204
324
348
176
94
174
228
346
132
332
224
58
382
156
136
158
294
96
270
180
146
170
354
60
348
206
245
200
374
258
182
0
194
202
48
272
