-63
-49
-47
-47
-61
-42
-62
-44
-57
-64
-39
-61
-42
-53
-29
-52
-43
-82
-38
-45
-41
-46
-52
-17
-15
-45
-22
-15
-46
-30
-16
-21
-55
0
-21
-48
-16
5
-52
-14
8
-27
-10
-59
-10
-16
-49
-31
-14
-25
-27
-12
-17
-16
-24
-12
-55
0
-37
-22
-15
-4
-18
-10
-10
-26
-41
0
-15
-37
-38
-15
-23
-29
-36
-17
-24
-43
-10
-60
-19
-3
-10
-28
-12
-28
-27
-85
-10
-10
-26
-10
-9
-19
-34
-31
-55
-10
-46
-6
-10
-10
-10
-10
-87
-21
-10
0
-10
-9
-7
-15
-8
-10
-9
0
-9
-9
-3
-10
-13
-8
-10
-9
-10
-10
-136
-10
-10
-7
-10
-10
-6
0
-9
-10
-10
-9
-10
-10
-10
-10
-10
-10
-10
-10
-5
-11
-10
-10
-10
-8
-10
-10
-9
-10
-10
-10
-10
-10
-7
-10
-10
-8
-11
-26
-5
-9
-10
-10
-10
-5
-9
-20
-10
-10
-10
-10
-10
-5
-14
-9
-8
-11
-10
3
-7
-10
-10
-9
-10
4
5
-10
-8
-10
-10
-9
-10
-10
-10
-10
-14
7
-8
-12
-10
-10
-8
-10
-16
-9
-8
-5
-10
-10
-10
-10
-1
-10
-9
-6
1
-10
-10
-10
2
-10
-7
-10
-3
-5
-10
-10
-10
-10
2
-10
-9
-10
6
-6
-10
-8
-10
0
-10
-11
-8
-8
-2
-6
-10
-10
-10
-11
-11
-10
-5
-10
-7
1
-11
-10
-10
-10
-10
-6
-2
-12
-43
-12
-10
-10
-10
-10
-10
-10
2
-2
-8
9
-8
-76
-14
-10
2
-14
-7
-10
-11
-11
-10
-10
-15
-10
-1
-7
-10
-4
-10
-10
-9
-5
-2
-6
-10
-10
-10
-10
-10
-10
-10
-6
-10
-10
-10
-8
0
-10
-8
-10
1
-7
-10
-5
-10
-10
24
-7
-9
-8
-7
-8
17
-2
-10
-4
-10
-9
-10
-4
3
-5
-10
-10
-10
-4
0
6
-10
-10
-10
-10
-10
-10
-10
-9
-9
-3
-7
-10
-4
-9
-10
-9
-43
-5
-10
-8
-10
-7
-10
-10
-10
-10
-9
-9
-7
-7
-2
-8
-10
-10
-10
-9
-6
-10
-14
-10
-6
-11
-10
-10
-12
-11
-10
-10
-10
-11
-10
-20
-10
-13
-1
-10
-10
-10
-17
-16
0
-8
-9
-10
2
-10
-10
-10
-8
3
-10
-6
-10
-10
-10
-10
-5
-8
-10
-10
5
-10
-4
20
-11
0
-8
-8
2
-10
-9
-10
-10
-10
-33
-8
10
-10
-9
-10
10
-10
-9
-18
-7
-10
5
-7
-10
-7
-10
-10
-10
-10
0
-7
-10
-10
-13
3
-7
-9
-10
-10
-9
-7
-10
-10
-10
-10
-7
-10
-7
-10
-10
0
1
3
-10
0
-10
-8
-10
-9
3
-6
-9
-8
7
-10
-10
-10
-9
-10
5
-10
-10
-10
-4
-6
-9
-5
-7
-10
0
-10
-8
0
-10
-10
-10
-10
-9
-10
-10
4
-7
-10
0
-8
-9
-10
-7
1
-9
-7
8
-8
-3
-9
-9
-3
-8
-10
3
7
-2
-10
-9
-10
0
-10
-10
-7
-10
-10
-10
-8
-10
-10
5
-8
-10
-13
-10
-8
-10
-10
-5
-10
-10
0
-8
-9
-7
-10
-9
-5
-10
-8
-9
-9
-10
-8
-10
-10
-6
-10
-5
-10
-10
-10
-10
-10
-7
6
-1
-10
-6
-9
-10
-2
-10
-11
-8
-10
-4
-1
-10
-8
-7
-7
-10
-10
-1
-8
-10
-10
-10
-9
-10
-10
-10
-10
-6
-10
-10
-2
-8
-10
-10
-10
-10
0
0
-2
-10
-10
-8
-7
-6
-10
-5
-10
-1
-7
-5
-10
-10
-10
0
-10
-8
-10
-10
-10
-7
-10
-2
-10
-8
-10
1
-10
-9
-7
-3
-9
-7
-10
-7
-6
-7
-10
-8
-8
-7
-10
-5
-7
9
13
-7
2
-5
-7
3
-10
-10
-12
4
-8
-7
-10
-10
-8
-9
-11
-9
-8
-7
-8
-10
-10
-9
-9
-10
2
-10
-10
-10
-10
-10
-10
-10
-6
-5
-10
-8
-9
-10
-10
-7
-10
-6
-8
-6
-6
-5
-5
3
-10
-8
-10
-10
-10
-10
-10
-10
-10
-10
-10
-10
-10
-10
-2
-10
-10
7
-10
-10
-10
-10
-10
-10
-10
21
-10
-9
-10
-9
-3
-6
-10
-10
5
-10
-8
-15
-10
-4
-10
-10
-10
-10
-6
-5
-7
