-50
20
30
300
340
40
180
0
0
10
0
50
-30
-170
240
-120
-10
-10
210
20
-10
0
-10
190
156
80
80
220
160
190
40
-10
110
40
-30
-20
140
30
130
0
100
-30
50
-10
-10
200
170
0
-10
50
0
-10
40
-10
0
90
340
30
480
210
230
170
250
340
-28
380
310
280
150
530
50
-112
720
340
550
106
-40
10
450
270
170
440
-116
128
-58
-56
-58
-114
-132
0
420
-80
-112
68
26
-44
-138
10
-68
-108
-220
-112
-110
-60
-112
-106
-118
236
-56
-52
-44
-194
-92
670
82
310
230
-62
208
176
82
-12
28
-94
8
290
848
180
-34
742
26
-24
-10
-66
-126
-10
-32
-112
-12
-32
258
370
690
-2
-12
-12
110
-112
-112
28
-38
-112
-74
1070
714
228
110
292
128
360
1050
268
-10
1824
-114
142
-114
358
120
1670
-116
496
708
-100
-10
-10
268
488
-70
490
818
670
1030
570
910
364
-18
762
124
-114
650
116
590
14
148
1670
86
610
-92
268
776
1532
-64
1088
212
12
1860
970
1704
2800
-142
1660
662
-140
30
3040
2320
670
-118
566
1610
-112
3060
580
542
1210
2820
352
1760
388
1420
928
2900
402
-112
-112
-204
3080
-52
1410
1244
-174
1820
610
-108
2720
1270
2030
1770
-90
3040
-112
-112
508
-112
1150
2390
1350
1528
-132
-118
2500
1190
1770
-112
1010
-10
2290
1550
1760
3000
406
1710
3000
2150
670
1850
3220
1120
1630
420
1850
628
1990
3120
1210
-94
1310
2010
1970
2310
-112
2030
570
1810
860
3260
1450
1730
1990
2490
3520
1160
102
2900
2980
-148
528
3760
1470
1650
2980
3340
2960
4140
1760
2630
1730
2680
1970
3260
3760
1232
3440
2980
3220
-112
2780
2200
868
3520
1890
2600
3680
1430
1170
3380
2670
2640
3270
1310
3490
4040
3120
1950
2470
1550
1990
3630
2740
2940
2370
3620
3380
-10
-126
-118
2090
1730
1590
2020
2940
2090
970
2210
1010
1510
4100
1450
2660
1770
1330
2250
568
3800
1290
2490
4020
3400
3490
3418
3090
2700
2540
1610
730
3490
2960
1470
3460
474
-10
1430
3020
3100
1510
2240
1850
1350
2530
3100
3160
1430
1990
1800
1990
3600
1450
1590
1770
1330
3460
3550
1190
2010
1170
1470
3160
3800
2440
3200
1790
3480
1630
1410
2630
3580
3500
2800
1510
2490
3600
670
1710
3460
2620
3640
2030
2900
3300
1370
1050
2360
1470
3320
2090
3300
3740
2280
1350
2860
3460
2230
2150
1170
3540
1590
468
1070
3300
3680
1890
1090
2000
1770
2110
2540
1610
3460
3320
3060
550
3900
1010
2410
2840
2820
1170
2520
3260
1710
2240
3300
1410
1250
3140
2210
1430
1550
2300
3300
2220
1190
1070
1930
2090
2930
1790
3360
2960
2560
3620
3710
3440
830
3730
2410
1570
1990
2900
1650
3240
3040
1370
2660
3300
3210
3700
1830
3060
1290
2050
1510
3920
3890
710
2290
1830
2680
3580
1110
2050
3020
2600
2320
3300
1310
2710
1350
2220
1790
1310
3180
1430
-112
2500
1130
2330
1350
3190
1550
3800
1730
1890
1580
2230
1850
2940
3380
3200
3720
2090
3180
2700
1330
3020
2170
3080
1330
1510
1510
3300
2330
2190
2490
3600
2500
1970
2400
2540
3100
1570
3880
3040
3440
1390
3330
1590
1910
1310
1710
2270
1850
3420
3180
2980
1410
1710
1430
1710
1970
1170
4160
1110
2010
3320
2780
3560
3620
2490
3580
2130
1770
1450
1810
1690
2360
3270
2980
1050
2710
1530
1350
2500
1930
3540
3260
3320
1310
1850
1630
3220
3660
2250
2900
4140
3460
2650
3220
3260
1450
3000
2250
1610
3480
1850
1570
950
1490
2820
3420
2540
2130
2570
2370
3040
1670
3720
3230
3540
3240
1770
3740
3900
1210
3740
750
3600
2860
1250
3650
3240
930
3500
1670
3360
1870
3140
1470
1830
2370
1310
1710
1940
1170
2150
2370
3120
630
1390
3490
730
3680
2190
2690
2490
1550
1940
1610
3190
2410
3200
1830
3690
3920
2130
2310
3590
1170
1670
3180
1590
3410
2940
2860
1370
2850
2030
1450
3470
3120
330
2670
2090
3120
1230
3540
3100
3280
3660
3270
3200
